Leg	Site	H	Cor	T	   Sc	LL(m)	CL(m)	Top(mbsf)	Comment
208	1267	B	  1	H	    1	 1.50	 1.50	     0.00
208	1267	B	  1	H	    2	 1.00	 1.00	     1.50
208	1267	B	  1	H	    3	 0.58	 0.58	     2.50
208	1267	B	  1	H	CC(N)	 0.10	 0.10	     3.08	1/0 All to PAL.
208	1267	B	  2	H	    1	 1.50	 1.50	     3.10
208	1267	B	  2	H	    2	 1.50	 1.50	     4.60
208	1267	B	  2	H	    3	 1.50	 1.50	     6.10
208	1267	B	  2	H	    4	 1.50	 1.50	     7.60
208	1267	B	  2	H	    5	 1.50	 1.50	     9.10
208	1267	B	  2	H	    6	 1.50	 1.50	    10.60
208	1267	B	  2	H	    7	 0.61	 0.61	    12.10
208	1267	B	  2	H	CC(7)	 0.14	 0.14	    12.71
208	1267	B	  3	H	    1	 1.50	 1.50	    12.60
208	1267	B	  3	H	    2	 1.50	 1.50	    14.10
208	1267	B	  3	H	    3	 1.50	 1.50	    15.60
208	1267	B	  3	H	    4	 1.50	 1.50	    17.10
208	1267	B	  3	H	    5	 0.90	 0.90	    18.60
208	1267	B	  3	H	CC(5)	 0.22	 0.22	    19.50
208	1267	B	  4	H	    1	 1.50	 1.50	    22.10
208	1267	B	  4	H	    2	 1.50	 1.50	    23.60
208	1267	B	  4	H	    3	 1.50	 1.50	    25.10
208	1267	B	  4	H	    4	 1.50	 1.50	    26.60
208	1267	B	  4	H	    5	 1.50	 1.50	    28.10
208	1267	B	  4	H	    6	 1.50	 1.50	    29.60
208	1267	B	  4	H	    7	 0.67	 0.67	    31.10
208	1267	B	  4	H	CC(7)	 0.22	 0.22	    31.77
208	1267	B	  5	H	    1	 1.50	 1.50	    31.60
208	1267	B	  5	H	    2	 1.50	 1.50	    33.10
208	1267	B	  5	H	    3	 1.50	 1.50	    34.60
208	1267	B	  5	H	    4	 1.50	 1.50	    36.10
208	1267	B	  5	H	    5	 1.50	 1.50	    37.60
208	1267	B	  5	H	    6	 1.00	 1.00	    39.10
208	1267	B	  5	H	    7	 0.60	 0.60	    40.10
208	1267	B	  5	H	CC(N)	 0.10	 0.10	    40.70	0/0 All to PAL.
208	1267	B	  6	H	    1	 1.50	 1.50	    41.10
208	1267	B	  6	H	    2	 1.50	 1.50	    42.60
208	1267	B	  6	H	    3	 1.50	 1.50	    44.10
208	1267	B	  6	H	    4	 1.50	 1.50	    45.60
208	1267	B	  6	H	    5	 1.50	 1.50	    47.10
208	1267	B	  6	H	    6	 1.50	 1.50	    48.60
208	1267	B	  6	H	    7	 0.51	 0.51	    50.10
208	1267	B	  6	H	CC(7)	 0.15	 0.15	    50.61
208	1267	B	  7	H	    1	 1.50	 1.50	    50.60
208	1267	B	  7	H	    2	 1.50	 1.50	    52.10
208	1267	B	  7	H	    3	 1.50	 1.50	    53.60
208	1267	B	  7	H	    4	 1.50	 1.50	    55.10
208	1267	B	  7	H	    5	 1.50	 1.50	    56.60
208	1267	B	  7	H	    6	 1.41	 1.41	    58.10
208	1267	B	  7	H	   CC	 0.31	 0.31	    59.51
208	1267	B	  8	H	    1	 1.50	 1.50	    60.10
208	1267	B	  8	H	    2	 1.50	 1.50	    61.60
208	1267	B	  8	H	    3	 1.50	 1.50	    63.10
208	1267	B	  8	H	    4	 1.50	 1.50	    64.60
208	1267	B	  8	H	    5	 1.50	 1.50	    66.10
208	1267	B	  8	H	    6	 1.50	 1.50	    67.60
208	1267	B	  8	H	    7	 0.75	 0.75	    69.10
208	1267	B	  8	H	CC(N)	 0.10	 0.10	    69.85	0/0 All to PAL.
208	1267	B	  9	H	    1	 1.50	 1.50	    69.60
208	1267	B	  9	H	    2	 1.50	 1.50	    71.10
208	1267	B	  9	H	    3	 1.50	 1.50	    72.60
208	1267	B	  9	H	    4	 1.50	 1.50	    74.10
208	1267	B	  9	H	    5	 1.50	 1.50	    75.60
208	1267	B	  9	H	    6	 1.50	 1.50	    77.10
208	1267	B	  9	H	    7	 0.54	 0.54	    78.60
208	1267	B	  9	H	   CC	 0.26	 0.26	    79.14	0/0
208	1267	B	 10	H	    1	 1.50	 1.50	    79.10
208	1267	B	 10	H	    2	 1.50	 1.50	    80.60
208	1267	B	 10	H	    3	 1.50	 1.50	    82.10
208	1267	B	 10	H	    4	 1.50	 1.50	    83.60
208	1267	B	 10	H	    5	 1.50	 1.50	    85.10
208	1267	B	 10	H	    6	 0.56	 0.56	    86.60
208	1267	B	 10	H	CC(6)	 0.27	 0.27	    87.16
208	1267	B	 11	H	    1	 1.50	 1.50	    88.60
208	1267	B	 11	H	    2	 1.50	 1.50	    90.10
208	1267	B	 11	H	    3	 1.50	 1.50	    91.60
208	1267	B	 11	H	    4	 1.50	 1.50	    93.10
208	1267	B	 11	H	    5	 1.50	 1.50	    94.60
208	1267	B	 11	H	    6	 1.46	 1.46	    96.10
208	1267	B	 11	H	   CC	 0.41	 0.41	    97.56
208	1267	B	 12	H	    1	 1.50	 1.50	    98.10
208	1267	B	 12	H	    2	 1.50	 1.50	    99.60
208	1267	B	 12	H	    3	 1.50	 1.50	   101.10
208	1267	B	 12	H	    4	 1.50	 1.50	   102.60
208	1267	B	 12	H	    5	 1.50	 1.50	   104.10
208	1267	B	 12	H	    6	 1.45	 1.45	   105.60
208	1267	B	 12	H	CC(N)	 0.10	 0.10	   107.05	0/0 All to PAL.
208	1267	B	 13	H	    1	 1.50	 1.50	   107.60
208	1267	B	 13	H	    2	 1.50	 1.50	   109.10
208	1267	B	 13	H	    3	 1.45	 1.45	   110.60
208	1267	B	 13	H	    4	 1.50	 1.50	   112.05
208	1267	B	 13	H	    5	 1.50	 1.50	   113.55
208	1267	B	 13	H	    6	 1.36	 1.36	   115.05
208	1267	B	 13	H	   CC	 0.20	 0.20	   116.41
208	1267	B	 14	H	    1	 1.46	 1.46	   117.10	0/0
208	1267	B	 14	H	    2	 1.50	 1.50	   118.56
208	1267	B	 14	H	    3	 1.50	 1.50	   120.06
208	1267	B	 14	H	    4	 1.50	 1.50	   121.56
208	1267	B	 14	H	    5	 1.50	 1.50	   123.06
208	1267	B	 14	H	    6	 1.33	 1.33	   124.56
208	1267	B	 14	H	   CC	 0.22	 0.22	   125.89
208	1267	B	 15	H	    1	 1.50	 1.50	   126.60
208	1267	B	 15	H	    2	 1.50	 1.50	   128.10
208	1267	B	 15	H	    3	 1.50	 1.50	   129.60
208	1267	B	 15	H	    4	 1.50	 1.50	   131.10
208	1267	B	 15	H	    5	 1.50	 1.50	   132.60
208	1267	B	 15	H	    6	 1.30	 1.30	   134.10
208	1267	B	 15	H	   CC	 0.27	 0.27	   135.40
208	1267	B	 16	H	    1	 1.50	 1.50	   136.10
208	1267	B	 16	H	    2	 1.50	 1.50	   137.60
208	1267	B	 16	H	    3	 1.50	 1.50	   139.10
208	1267	B	 16	H	    4	 1.50	 1.50	   140.60
208	1267	B	 16	H	    5	 1.50	 1.50	   142.10
208	1267	B	 16	H	    6	 1.00	 1.00	   143.60
208	1267	B	 16	H	    7	 0.59	 0.59	   144.60
208	1267	B	 16	H	CC(7)	 0.19	 0.19	   145.19
208	1267	B	 17	H	    1	 1.50	 1.50	   145.60
208	1267	B	 17	H	    2	 1.50	 1.50	   147.10
208	1267	B	 17	H	    3	 1.50	 1.50	   148.60
208	1267	B	 17	H	    4	 1.50	 1.50	   150.10
208	1267	B	 17	H	    5	 1.50	 1.50	   151.60
208	1267	B	 17	H	    6	 1.50	 1.50	   153.10
208	1267	B	 17	H	    7	 0.66	 0.66	   154.60
208	1267	B	 17	H	CC(7)	 0.26	 0.26	   155.26
208	1267	B	 18	H	    1	 1.50	 1.50	   155.10
208	1267	B	 18	H	    2	 1.50	 1.50	   156.60
208	1267	B	 18	H	    3	 1.50	 1.50	   158.10
208	1267	B	 18	H	    4	 1.50	 1.50	   159.60
208	1267	B	 18	H	    5	 1.50	 1.50	   161.10
208	1267	B	 18	H	    6	 1.50	 1.50	   162.60
208	1267	B	 18	H	    7	 0.59	 0.59	   164.10
208	1267	B	 18	H	CC(7)	 0.17	 0.17	   164.69
208	1267	B	 19	H	    1	 1.50	 1.50	   164.60
208	1267	B	 19	H	    2	 1.50	 1.50	   166.10
208	1267	B	 19	H	    3	 1.50	 1.50	   167.60
208	1267	B	 19	H	    4	 1.50	 1.50	   169.10
208	1267	B	 19	H	    5	 1.50	 1.50	   170.60
208	1267	B	 19	H	    6	 1.50	 1.50	   172.10
208	1267	B	 19	H	    7	 0.72	 0.72	   173.60
208	1267	B	 19	H	CC(7)	 0.26	 0.26	   174.32
208	1267	B	 20	H	    1	 1.50	 1.50	   174.10
208	1267	B	 20	H	    2	 1.50	 1.50	   175.60
208	1267	B	 20	H	    3	 1.50	 1.50	   177.10
208	1267	B	 20	H	    4	 1.50	 1.50	   178.60
208	1267	B	 20	H	    5	 1.50	 1.50	   180.10
208	1267	B	 20	H	    6	 1.50	 1.50	   181.60
208	1267	B	 20	H	    7	 0.79	 0.79	   183.10
208	1267	B	 20	H	CC(7)	 0.26	 0.26	   183.89
208	1267	B	 21	H	    1	 1.50	 1.50	   183.60
208	1267	B	 21	H	    2	 1.50	 1.50	   185.10
208	1267	B	 21	H	    3	 1.50	 1.50	   186.60
208	1267	B	 21	H	    4	 1.50	 1.50	   188.10
208	1267	B	 21	H	    5	 1.50	 1.50	   189.60
208	1267	B	 21	H	    6	 1.50	 1.50	   191.10
208	1267	B	 21	H	    7	 0.76	 0.76	   192.60
208	1267	B	 21	H	CC(7)	 0.19	 0.19	   193.36
208	1267	B	 22	H	    1	 1.50	 1.50	   193.10
208	1267	B	 22	H	    2	 1.50	 1.50	   194.60
208	1267	B	 22	H	    3	 1.50	 1.50	   196.10
208	1267	B	 22	H	    4	 1.50	 1.50	   197.60
208	1267	B	 22	H	    5	 1.50	 1.50	   199.10
208	1267	B	 22	H	    6	 1.50	 1.50	   200.60
208	1267	B	 22	H	    7	 0.75	 0.75	   202.10
208	1267	B	 22	H	CC(7)	 0.21	 0.21	   202.85
208	1267	B	 23	H	    1	 1.50	 1.50	   202.60
208	1267	B	 23	H	    2	 0.60	 0.60	   204.10	0/0
208	1267	B	 23	H	    3	 1.50	 1.50	   204.70
208	1267	B	 23	H	    4	 1.50	 1.50	   206.20
208	1267	B	 23	H	    5	 1.50	 1.50	   207.70
208	1267	B	 23	H	    6	 1.50	 1.50	   209.20
208	1267	B	 23	H	    7	 1.05	 1.05	   210.70
208	1267	B	 23	H	   CC	 0.63	 0.63	   211.75
208	1267	B	 24	H	    1	 1.50	 1.50	   212.10
208	1267	B	 24	H	    2	 1.50	 1.50	   213.60
208	1267	B	 24	H	    3	 1.50	 1.50	   215.10
208	1267	B	 24	H	    4	 1.50	 1.50	   216.60
208	1267	B	 24	H	    5	 1.50	 1.50	   218.10
208	1267	B	 24	H	    6	 1.50	 1.50	   219.60
208	1267	B	 24	H	    7	 0.80	 0.80	   221.10
208	1267	B	 24	H	CC(7)	 0.25	 0.25	   221.90
208	1267	B	 25	H	    1	 1.50	 1.50	   221.60
208	1267	B	 25	H	    2	 1.50	 1.50	   223.10
208	1267	B	 25	H	    3	 1.50	 1.50	   224.60
208	1267	B	 25	H	    4	 1.50	 1.50	   226.10
208	1267	B	 25	H	    5	 1.50	 1.50	   227.60
208	1267	B	 25	H	    6	 1.50	 1.50	   229.10
208	1267	B	 25	H	    7	 0.64	 0.64	   230.60
208	1267	B	 25	H	CC(7)	 0.28	 0.28	   231.24
208	1267	B	 26	X	    1	 1.50	 1.50	   231.10
208	1267	B	 26	X	    2	 1.50	 1.50	   232.60
208	1267	B	 26	X	    3	 1.50	 1.50	   234.10
208	1267	B	 26	X	    4	 0.79	 0.79	   235.60
208	1267	B	 26	X	CC(4)	 0.26	 0.26	   236.39
208	1267	B	 27	X	    1	 1.50	 1.50	   234.40
208	1267	B	 27	X	    2	 1.50	 1.50	   235.90
208	1267	B	 27	X	    3	 1.50	 1.50	   237.40
208	1267	B	 27	X	    4	 1.50	 1.50	   238.90
208	1267	B	 27	X	    5	 1.50	 1.50	   240.40
208	1267	B	 27	X	    6	 0.69	 0.69	   241.90
208	1267	B	 27	X	CC(6)	 0.38	 0.38	   242.59
208	1267	B	 28	X	    1	 1.50	 1.50	   244.00
208	1267	B	 28	X	    2	 1.50	 1.50	   245.50
208	1267	B	 28	X	    3	 1.50	 1.50	   247.00
208	1267	B	 28	X	    4	 1.50	 1.50	   248.50
208	1267	B	 28	X	    5	 1.50	 1.50	   250.00
208	1267	B	 28	X	    6	 1.08	 1.08	   251.50
208	1267	B	 28	X	CC(6)	 0.22	 0.22	   252.58
208	1267	B	 29	X	    1	 1.50	 1.50	   253.60
208	1267	B	 29	X	    2	 1.50	 1.50	   255.10
208	1267	B	 29	X	    3	 1.50	 1.50	   256.60
208	1267	B	 29	X	    4	 1.50	 1.50	   258.10
208	1267	B	 29	X	    5	 1.50	 1.50	   259.60
208	1267	B	 29	X	    6	 0.93	 0.93	   261.10
208	1267	B	 29	X	CC(6)	 0.10	 0.10	   262.03
208	1267	B	 30	X	    1	 1.50	 1.50	   263.30
208	1267	B	 30	X	    2	 1.50	 1.50	   264.80
208	1267	B	 30	X	    3	 1.50	 1.50	   266.30
208	1267	B	 30	X	    4	 1.50	 1.50	   267.80
208	1267	B	 30	X	    5	 1.50	 1.50	   269.30
208	1267	B	 30	X	    6	 1.50	 1.50	   270.80
208	1267	B	 30	X	    7	 0.51	 0.51	   272.30
208	1267	B	 30	X	CC(7)	 0.36	 0.36	   272.81
208	1267	B	 31	X	    1	 1.50	 1.50	   272.90
208	1267	B	 31	X	    2	 1.50	 1.50	   274.40
208	1267	B	 31	X	    3	 1.50	 1.50	   275.90
208	1267	B	 31	X	    4	 1.50	 1.50	   277.40
208	1267	B	 31	X	    5	 1.25	 1.25	   278.90
208	1267	B	 31	X	   CC	 0.50	 0.50	   280.15
208	1267	B	 32	X	    1	 1.50	 1.50	   281.00
208	1267	B	 32	X	    2	 1.50	 1.50	   282.50
208	1267	B	 32	X	    3	 1.10	 1.10	   284.00
208	1267	B	 32	X	    4	 1.50	 1.50	   285.10
208	1267	B	 32	X	    5	 1.50	 1.50	   286.60
208	1267	B	 32	X	    6	 1.50	 1.50	   288.10
208	1267	B	 32	X	    7	 0.75	 0.75	   289.60
208	1267	B	 32	X	CC(7)	 0.38	 0.38	   290.35
208	1267	B	 33	X	    1	 1.50	 1.50	   290.60
208	1267	B	 33	X	    2	 1.50	 1.50	   292.10
208	1267	B	 33	X	    3	 1.50	 1.50	   293.60
208	1267	B	 33	X	    4	 1.50	 1.50	   295.10
208	1267	B	 33	X	    5	 1.50	 1.50	   296.60
208	1267	B	 33	X	    6	 1.50	 1.50	   298.10
208	1267	B	 33	X	    7	 0.46	 0.46	   299.60
208	1267	B	 33	X	CC(7)	 0.42	 0.42	   300.06
208	1267	B	 34	X	    1	 1.50	 1.50	   300.20
208	1267	B	 34	X	    2	 1.50	 1.50	   301.70
208	1267	B	 34	X	    3	 1.50	 1.50	   303.20
208	1267	B	 34	X	    4	 1.50	 1.50	   304.70
208	1267	B	 34	X	    5	 1.50	 1.50	   306.20
208	1267	B	 34	X	    6	 1.50	 1.50	   307.70
208	1267	B	 34	X	    7	 0.45	 0.45	   309.20
208	1267	B	 34	X	CC(7)	 0.35	 0.35	   309.65	0/0
208	1267	B	 35	X	    1	 1.50	 1.50	   309.80
208	1267	B	 35	X	    2	 1.50	 1.50	   311.30
208	1267	B	 35	X	    3	 1.50	 1.50	   312.80
208	1267	B	 35	X	    4	 1.50	 1.50	   314.30
208	1267	B	 35	X	    5	 1.50	 1.50	   315.80
208	1267	B	 35	X	    6	 1.50	 1.50	   317.30
208	1267	B	 35	X	    7	 0.49	 0.49	   318.80
208	1267	B	 35	X	CC(7)	 0.35	 0.35	   319.29
208	1267	B	 36	X	    1	 1.50	 1.50	   319.40
208	1267	B	 36	X	    2	 1.50	 1.50	   320.90
208	1267	B	 36	X	    3	 1.50	 1.50	   322.40
208	1267	B	 36	X	    4	 1.50	 1.50	   323.90
208	1267	B	 36	X	    5	 1.50	 1.50	   325.40
208	1267	B	 36	X	    6	 1.50	 1.50	   326.90
208	1267	B	 36	X	    7	 0.43	 0.43	   328.40
208	1267	B	 36	X	CC(7)	 0.44	 0.44	   328.83
